52908
11621
12107
13316
14120
15217
15905
17519
50613
54608
54507
10611
54309
14214
10915
11115
11215
11611
11620
11614
12106
12812
12912
13011
13015
13111
13112
13116
13118
13204
13210
13213
13314
13609
13706
14111
14118
14110
14206
14412
15009
15012
15013
15015
15216
15413
15412
15903
16307
16707
17309
17408
19009
19007
19012
19013
19015
19109
19508
19605
19613
19614
19908
50108
50112
50119
50120
51015
51305
51504
52011
52108
52113
52204
52414
52809
53107
53702
53806
54002
54307
54402
54802
54804
54805
56301
59702
59802
59901
